Number        Designation     H    G  prop.a      .e   .sini   D (km)  D_unc   pV     pV_Unc Period Spectroscopic Classes          Family  a*    i-z Ref.
000013               Egeria  6.74 0.15  2.5763  0.1277  0.2766  227.000  25.948  0.069  0.022    7.05  Ch--Ch------G----------------- 000000  1.26  0.05 38
000019              Fortuna  7.13 0.10  2.4420  0.1345  0.0388  196.370   0.300  0.060  0.010    7.44  Ch--Ch------G----------------- 000000  0.60  0.03 39
000034                Circe  8.51 0.15  2.6868  0.1456  0.0974  115.490   1.880  0.050  0.010   12.15  Ch--Ch------C----------------- 000000  0.34  0.03 39
000038                 Leda  8.32 0.15  2.7408  0.1689  0.1359   92.250   0.490  0.100  0.010   12.84  Cgh-Cgh-----C----------------- 000000  1.00  0.05 39
000041               Daphne  7.12 0.10  2.7646  0.3049  0.2671  179.610   2.580  0.078  0.003    5.99  Ch--Ch------C----------------- 000000  2.89  0.03 37
000048                Doris  6.90 0.15  3.1124  0.0634  0.1151  216.470   4.760  0.070  0.010   11.89  Ch--Ch------CG---------------- 000000 -0.88  0.01 39
000049                Pales  7.80 0.15  3.0892  0.1986  0.0813  148.020   2.560  0.061  0.003   20.70  Ch--Ch------CG---------------- 000000  1.68  0.03 37
000050             Virginia  9.24 0.15  2.6499  0.2419  0.0458   84.070   0.240  0.050  0.010   14.31  Ch--Ch------X---Ch------------ 000000  0.62  0.02 39
000051              Nemausa  7.35 0.08  2.3657  0.1140  0.1740  138.160   0.970  0.100  0.030    7.78  Cgh-Ch------CU---------------- 000000  1.66  0.08 39
000054            Alexandra  7.66 0.15  2.7105  0.1885  0.2114  142.000  14.758  0.049  0.008    7.02  Cgh-C-------C----------------- 000000  0.58  0.04 38
000058            Concordia  8.86 0.15  2.7000  0.0852  0.0822   89.610   0.840  0.060  0.010    9.90  Ch--Ch------C---Cgh--------Kl- 000128  0.03  0.03 39
000062                Erato  8.76 0.15  3.1217  0.1498  0.0225   78.620   0.900  0.091  0.002    9.22  ----Ch------BU--B----------Kl- 000024 -1.10 -0.03 37
000066                 Maja  9.36 0.15  2.6460  0.1430  0.0565   71.790   0.920  0.062  0.002    9.74  Ch--Ch------C----------------- 000000  0.29  0.03 37
000070             Panopaea  8.11 0.14  2.6151  0.1559  0.1938  127.910   0.740  0.060  0.010   15.81  Cgh-Ch------C----------------- 000000  2.08  0.04 39
000078                Diana  8.09 0.08  2.6213  0.2372  0.1562  126.520   1.670  0.064  0.002    7.30  Ch--Ch------C---Ch------------ 000000  0.44  0.03 37
000084                 Klio  9.32 0.15  2.3622  0.1928  0.1637   79.000   4.867  0.053  0.017   23.56  Ch--Ch------G---Ch------------ 000084  0.28  0.09 38
000090              Antiope  8.27 0.15  3.1462  0.1538  0.0231  122.030   3.180  0.060  0.010   16.51  C---C-------C---Ch------------ 000656  0.56  0.00 39
000091               Aegina  8.84 0.15  2.5900  0.1033  0.0479  103.400   0.480  0.050  0.010    6.03  ----Ch------CP--Ch------------ 000000  1.08  0.10 39
000095             Arethusa  8.00 0.15  3.0689  0.1279  0.2373  149.080   5.580  0.060  0.010    8.70  ----Ch------C---Ch------------ 000000 -0.15  0.03 39
000098               Ianthe  8.84 0.15  2.6869  0.2453  0.2622  102.490   4.000  0.050  0.010   16.48  ----Ch------CG--Ch------------ 000000 -3.57  0.07 39
000104              Klymene  8.27 0.15  3.1480  0.1444  0.0420  128.990   3.800  0.050  0.010    8.98  ----Ch------C---Ch------------ 000000 -0.44  0.03 39
000105              Artemis  8.57 0.10  2.3733  0.2050  0.3707  119.000  17.337  0.047  0.012   37.15  Ch--Ch------C---Ch------------ 000000  0.09  0.03 38
000106                Dione  7.41 0.15  3.1708  0.1447  0.0625  153.420   2.380  0.084  0.003   16.21  Cgh-Cgh-----G---Cgh----------- 000000  0.32  0.04 37
000109            Felicitas  8.75 0.04  2.6962  0.2635  0.1497   82.590   0.620  0.080  0.010   13.19  ----Ch------GC--Ch------------ 000000  0.97  0.06 39
000111                  Ate  8.02 0.15  2.5941  0.1255  0.0998  126.340   0.230  0.060  0.010   22.07  Ch--Ch------C----------------- 000000  0.01  0.03 39
000112            Iphigenia  9.84 0.15  2.4339  0.0941  0.0557   69.820   1.820  0.040  0.010   31.47  ----Ch------DCX-Ch------------ 000000  1.52  0.07 39
000121             Hermione  7.31 0.15  3.4505  0.0913  0.1141  166.240   8.810  0.080  0.030    5.55  ----Ch------C----------------- 000000  0.58  0.03 39
000127              Johanna  8.60 0.15  2.7559  0.0914  0.1368  114.190   1.520  0.065  0.002   12.80  ----Ch------CX--Ch------------ 000000  0.04  0.00 37
000130              Elektra  7.12 0.15  3.1179  0.1850  0.3760  180.650   2.700  0.090  0.010    5.22  Ch--Ch------G---Ch------------ 000000  0.23  0.05 39
000134           Sophrosyne  8.76 0.28  2.5641  0.1097  0.2079  112.200  10.798  0.044  0.016   17.20  ----Ch------C----------------- 000000  0.45  0.04 38
000141                Lumen  8.50 0.15  2.6659  0.1715  0.2239  117.920   1.360  0.070  0.010   19.87  ----Ch------CPF-Ch------------ 000015 -0.35  0.05 39
000144              Vibilia  7.91 0.17  2.6550  0.1891  0.0670  142.200   1.760  0.060  0.002   13.82  ----Ch------C----------------- 000000  0.09  0.01 37
000145               Adeona  8.13 0.15  2.6727  0.1693  0.2027  127.780   0.360  0.060  0.010   15.07  ----Ch------C---Ch------------ 000145  0.62  0.01 39
000146               Lucina  8.20 0.11  2.7188  0.0921  0.2084  124.130   2.510  0.060  0.010   18.56  ----Ch------C----------------- 000000  0.12  0.00 39
000156            Xanthippe  8.64 0.15  2.7304  0.2637  0.1817  123.650   3.090  0.040  0.010   22.13  ----Ch------C---Ch------------ 000000  1.12  0.04 39
000159              Aemilia  8.12 0.15  3.1045  0.1166  0.0895  125.240   1.190  0.060  0.010   24.48  ----Ch------C----------------- 000010  0.05  0.00 39
000162            Laurentia  8.83 0.15  3.0205  0.2091  0.0997   97.020   0.490  0.060  0.010   11.87  ----Ch------STU------------Cgx 000000  1.50  0.02 39
000163              Erigone  9.47 0.04  2.3671  0.2096  0.0837   81.579   3.062  0.033  0.004   16.14  ----Ch------C--------------Cgx 000163  1.99  0.06 38
000168              Sibylla  7.94 0.15  3.3784  0.0270  0.0897  145.370   3.220  0.060  0.010   47.01  ----Ch------C---Ch------------ 000000  1.16  0.04 39
000176                Iduna  8.20 0.15  3.1776  0.1923  0.3733  106.980   1.080  0.110  0.030   11.29  ----Ch------G---Ch---------C-- 000000 -0.52  0.02 39
000177                 Irma  9.49 0.15  2.7699  0.1989  0.0385   69.050   0.650  0.060  0.010   13.86  ----Ch------C---Ch------------ 000000 -0.26  0.05 39
000187             Lamberta  8.16 0.15  2.7304  0.2893  0.1722  129.880   2.430  0.070  0.010   10.67  ----Ch------C----------------- 000000  1.08  0.03 39
000194               Prokne  7.68 0.15  2.6165  0.1957  0.2960  161.670   1.250  0.060  0.010   15.68  ----C-------C---Ch------------ 000000  0.97  0.04 39
000195            Eurykleia  9.01 0.15  2.8780  0.0644  0.1198   85.350   2.490  0.060  0.010   16.52  ----Ch------C----------------- 000000  0.15  0.01 39
000200             Dynamene  8.26 0.15  2.7375  0.1043  0.1353  128.300   1.950  0.050  0.010   37.39  ----Ch------C----------------- 000000  0.18  0.02 39
000205               Martha  9.23 0.15  2.7773  0.0362  0.1951   76.980   0.600  0.060  0.010   14.91  Ch--Ch------C---Ch------------ 000000 -0.30  0.05 39
000207                Hedda  9.92 0.15  2.2840  0.0656  0.0589   57.880   0.150  0.060  0.010   30.10  ----Ch------C---Ch------------ 000000  1.15  0.07 39
000211               Isolda  7.89 0.12  3.0443  0.1504  0.0857  141.130   2.490  0.060  0.010   18.36  ----Ch------C----------------- 000000  0.48  0.04 39
000214              Aschera  9.30 0.15  2.6114  0.1050  0.0739   24.960   0.150  0.450  0.060    6.84  Cgh-Xc------E---B------------- 000000  1.71 -0.04 39
000238              Hypatia  8.18 0.15  2.9070  0.0595  0.2140  155.660   0.750  0.040  0.010    8.87  ----Ch------C----------------- 000000  1.89  0.05 39
000249                 Ilse 11.33 0.15  2.3775  0.1789  0.1742   37.030   0.610  0.038  0.001   84.94  ----------------Ch------------ 000000   nan   nan 37
000252           Clementina  9.70 0.15  3.1574  0.0503  0.1803   65.340   0.310  0.090  0.020   10.86  ----------------Ch--C---C----- 000000  1.14  0.02 39
000257              Silesia  9.47 0.15  3.1153  0.1032  0.0577   79.200   0.970  0.046  0.001   15.71  ----Ch------SCT------------Cgx 000000  1.97 -0.00 37
000266                Aline  8.80 0.15  2.8044  0.1347  0.2430  109.490   1.000  0.060  0.010   13.02  Ch--Ch------C---Ch------------ 000000  0.69  0.01 39
000271          Penthesilea  9.80 0.15  3.0062  0.0687  0.0753   68.980   0.730  0.040  0.010   18.79  ------------PC--Ch------------ 000000   nan   nan 39
000284               Amalia 10.05 0.11  2.3584  0.1945  0.1546   57.840   0.720  0.051  0.001    8.55  ----Ch------CX---------------- 000000 -0.72  0.02 37
000286                Iclea  9.00 0.15  3.1947  0.0102  0.2963  109.110   1.490  0.038  0.001   15.36  ----Ch------CX--Ch------------ 000000  0.63  0.06 37
000293             Brasilia  9.94 0.15  2.8618  0.1296  0.2578   57.490   1.440  0.060  0.010    8.17  ------------CX--Ch------------ 000000   nan   nan 39
000303            Josephina  8.90 0.15  3.1220  0.0462  0.1301  104.350   2.280  0.040  0.010   12.50  ----------------Ch------------ 000000   nan   nan 39
000342             Endymion 10.22 0.15  2.5679  0.1446  0.1437   64.266   1.720  0.035  0.007    6.32  ----Ch------C----------------- 003815 -0.56  0.00 38
000345            Tercidina  8.71 0.10  2.3253  0.0987  0.1799   99.000  11.469  0.059  0.012   12.37  Ch--Ch------C----------------- 000000  0.01  0.01 38
000350            Ornamenta  8.37 0.15  3.1143  0.1922  0.3872  121.360   2.460  0.050  0.010    9.18  ------------C---Ch------------ 000000  0.28  0.04 39
000356              Liguria  8.22 0.15  2.7568  0.2197  0.1578  118.480   1.540  0.060  0.010   31.70  ------------C---Ch------------ 000000   nan   nan 39
000358            Apollonia  9.20 0.15  2.8779  0.1343  0.0612   90.120   0.810  0.050  0.010   50.60  ----Ch------------------------ 000000  2.62  0.05 39
000362               Havnia  9.00 0.15  2.5788  0.0413  0.1329   85.250   1.090  0.060  0.010   16.92  ------------XC--Ch------------ 000000   nan   nan 39
000365              Corduba  9.30 0.15  2.8027  0.1450  0.2197   86.770   0.360  0.050  0.010   12.70  ----C-------X---Ch------------ 000000  2.51  0.05 39
000366           Vincentina  8.70 0.15  3.1423  0.0530  0.1916   86.370   0.340  0.090  0.010   12.74  ----Ch----------Ch------------ 000000  0.52  0.06 39
000373             Melusina  9.13 0.15  3.1167  0.1262  0.2610   92.960   1.870  0.050  0.010   12.97  ------------C---Ch------------ 000000  0.66  0.05 39
000377             Campania  8.89 0.15  2.6904  0.0408  0.1256   90.350   0.560  0.060  0.020   11.66  ----Ch------PD---------------- 000000 -0.70  0.02 39
000386              Siegena  7.43 0.16  2.8962  0.1457  0.3349  201.170   3.520  0.047  0.002    9.76  ----C-------C---Ch------------ 000000  0.76  0.05 37
000392           Wilhelmina  9.80 0.15  2.8845  0.1269  0.2502   60.750   0.180  0.170  0.010   13.06  ----Ch---------------------Xt- 000000  1.67 -0.01 39
000393             Lampetia  8.39 0.15  2.7768  0.2748  0.2953  134.040   2.260  0.043  0.002   38.46  ----Xc------C---Ch------------ 000000  1.59  0.04 37
000395                Delia 10.38 0.15  2.7852  0.0964  0.0766   54.080   0.940  0.043  0.002   19.68  ----Ch------C----------------- 000000  1.62  0.02 37
000404              Arsinoe  9.01 0.15  2.5922  0.2299  0.2317   94.970   0.950  0.050  0.010    8.89  ----Ch------C---B------------- 002262 -0.89  0.03 39
000405                 Thia  8.46 0.15  2.5826  0.2795  0.2319  108.890   0.310  0.060  0.010    9.95  ----Ch------C---Ch------------ 000000 -1.43  0.03 39
000407              Arachne  8.88 0.15  2.6247  0.0391  0.1479   97.540   1.590  0.052  0.002   22.63  ------------C---Ch------------ 000000 -0.39  0.04 37
000410              Chloris  8.30 0.15  2.7264  0.2574  0.1600  118.929   2.856  0.043  0.007   32.50  ----Ch------C----------------- 000410  0.48  0.02 38
000414              Liriope  9.49 0.15  3.5038  0.0714  0.1437   88.760   2.169  0.027  0.003   11.01  ----Cg------C---Ch------------ 000000  2.61  0.03 38
000442          Eichsfeldia 10.03 0.15  2.3453  0.1006  0.0992   62.170   1.180  0.040  0.010   11.87  ----Ch------C----------------- 000000  1.44 -0.00 39
000445                 Edna  9.29 0.15  3.1886  0.1586  0.3922   87.810   0.430  0.040  0.010   19.96  ------------C---Ch------------ 000000   nan   nan 39
000481                Emita  8.90 0.15  2.7405  0.1358  0.1503  103.530   1.900  0.061  0.003   14.41  ----Ch------C----------------- 000000  0.99  0.04 37
000488               Kreusa  7.81 0.15  3.1548  0.1906  0.1873  148.840   3.490  0.060  0.020   32.65  ------------C---Ch------------ 000000   nan   nan 39
000490              Veritas  8.32 0.15  3.1740  0.0656  0.1593  112.820   1.660  0.066  0.002    7.93  ----Ch------C----------------- 000490  2.21  0.01 37
000494               Virtus  8.96 0.15  2.9860  0.0849  0.1135   83.970   2.980  0.070  0.010    5.57  ----Ch------C---Ch--C---C----- 000000  3.19 -0.02 39
000503               Evelyn  9.30 0.15  2.7241  0.1888  0.0716   90.180   1.050  0.048  0.001   38.78  ----Ch------XC---------------- 000000  0.19  0.02 37
000521               Brixia  8.31 0.06  2.7418  0.2462  0.1621  107.230   0.490  0.070  0.020   28.48  ----Ch------C---Ch---------Kl- 000000  1.15  0.04 39
000524              Fidelio  9.83 0.15  2.6355  0.1069  0.1562   65.530   0.960  0.050  0.010   14.20  ------------XC--Ch------------ 000000   nan   nan 39
000526                 Jena 10.17 0.15  3.1231  0.1565  0.0250   44.840   0.220  0.080  0.010    9.47  ------------B---Ch--B---C----- 000024 -0.62 -0.00 39
000539               Pamina 10.10 0.15  2.7389  0.1644  0.1439   66.950   1.110  0.050  0.010   13.90  ----Ch----------Ch------------ 000000  1.46  0.07 39
000554               Peraga  9.20 0.15  2.3747  0.1487  0.0650   96.980   1.170  0.049  0.001   13.71  ----Ch------FC---------------- 000000 -1.56  0.02 37
000569                 Misa 10.12 0.15  2.6577  0.1778  0.0398   65.290   1.220  0.037  0.002   11.60  ----Cg------C---Ch------------ 000569  2.09  0.06 37
000576             Emanuela  9.30 0.15  2.9861  0.1758  0.1911   74.380   0.320  0.060  0.010   20.37  ----------------Cgh-C---CX---- 000000  2.11  0.04 39
000586               Thekla  9.21 0.15  3.0410  0.0828  0.0452   78.350   0.920  0.060  0.002   13.67  ----Ch------C--------------Cgx 000000 -0.81  0.03 37
000602             Marianna  8.31 0.15  3.0880  0.2113  0.2740  110.440   1.520  0.070  0.010   35.19  ------------C---Ch------------ 000000 -1.06  0.03 39
000607                Jenny 10.00 0.15  2.8522  0.1100  0.1966   67.520   1.920  0.040  0.010    8.52  ----------------Ch--C---X--Cgx 000000  2.60  0.05 39
000638                Moira 10.00 0.15  2.7344  0.1911  0.1166   59.590   0.390  0.060  0.010    9.88  ----Ch------------------------ 000000 -0.12  0.01 39
000654              Zelinda  8.52 0.15  2.2970  0.2130  0.3165  116.300   2.380  0.050  0.010   31.74  ----Ch------C----------------- 000000  0.56  0.05 39
000668                 Dora 12.00 0.15  2.7965  0.1971  0.1368   23.592   0.198  0.042  0.007   22.91  ----Ch--------------C---C--Kl- 000668  1.05  0.00 38
000694                Ekard  9.17 0.15  2.6709  0.2381  0.3083   92.110   1.260  0.045  0.001    5.93  ------------CP--Ch------------ 000000   nan   nan 37
000697              Galilea  9.63 0.15  2.8814  0.1313  0.2532   72.080   2.060  0.050  0.010   16.54  ------------C---Ch------------ 000000   nan   nan 39
000706              Hirundo 11.00 0.15  2.7284  0.1611  0.2557   29.360   0.790  0.172  0.011   22.03  Cgh-Cgh--------------------S-- 000000  0.37  0.03 37
000713             Luscinia  8.97 0.15  3.4028  0.1181  0.1915   97.970   0.880  0.050  0.010    9.91  ----C-------C---Ch------------ 000000  0.89  0.02 39
000735            Marghanna  9.55 0.15  2.7285  0.2752  0.2804   67.980   0.400  0.060  0.010   20.62  ----Ch------C-------C---C----- 000000 -1.41  0.05 39
000743            Eugenisis 10.30 0.15  2.7932  0.0492  0.1008   51.070   0.290  0.070  0.010   10.23  ----Ch------------------------ 000000  3.47  0.05 39
000751                Faina  8.66 0.08  2.5513  0.1144  0.2536  113.700   2.450  0.050  0.010   23.68  ----Ch------C--------------Kl- 000000 -0.12  0.01 39
000752            Sulamitis 10.30 0.15  2.4632  0.0910  0.0880   60.170   0.250  0.040  0.010   27.37  --------X-------Ch------------ 000752   nan   nan 39
000754              Malabar  9.19 0.15  2.9874  0.0613  0.4111   91.340   1.100  0.045  0.001   11.73  ----Ch------XC---------------- 000000  0.20  0.01 37
000764              Gedania  9.60 0.15  3.1866  0.0957  0.1922   74.590   1.390  0.052  0.002   24.98  ------------C---Ch--C---C--Cgx 000000  0.75  0.03 37
000776           Berbericia  7.68 0.34  2.9326  0.1340  0.2946  151.710   0.880  0.060  0.010    7.67  Cgh-Cgh-----C----------------- 000000  2.51  0.04 39
000788          Hohensteina  8.70 0.15  3.1290  0.1628  0.2433  111.300   0.780  0.070  0.010   37.14  --------C-------Ch---------Cgx 000000 -0.53  0.03 39
000791                  Ani  9.25 0.15  3.1227  0.1846  0.2535   99.800  11.030  0.040  0.020   11.17  ------------C---Ch------------ 000137  1.40  0.04 39
000821                Fanny 11.84 0.15  2.7760  0.2357  0.0990   28.860   0.170  0.040  0.010  236.60  ----Ch------C-------C---C----- 000000 -0.42 -0.06 39
000829             Academia 11.00 0.15  2.5799  0.0722  0.1476   41.200   0.420  0.050  0.010    7.89  ----------------Ch------------ 000000   nan   nan 39
000853             Nansenia 11.67 0.15  2.3124  0.1187  0.1637   27.590   0.120  0.050  0.010    7.93  ----Ch------XD------C---C----- 000000  3.68  0.01 39
000868                 Lova 10.22 0.15  2.7042  0.1175  0.0873   50.690   0.190  0.060  0.010   41.12  ----Ch------C----------------- 000000  0.47  0.00 39
000874              Rotraut 10.10 0.15  3.1575  0.1046  0.1929   58.290   0.200  0.050  0.010   14.30  ----------------Ch------------ 000000   nan   nan 39
000904          Rockefellia 10.40 0.15  2.9931  0.0877  0.2685   52.127   3.976  0.071  0.010    6.83  ----------------Ch------------ 000000   nan   nan 38
000910            Anneliese 10.50 0.15  2.9247  0.1755  0.1449   48.590   0.220  0.060  0.010   11.29  ----Ch------------------------ 000000  1.89  0.00 39
000914             Palisana  8.76 0.15  2.4556  0.2475  0.4298   76.190   0.490  0.090  0.010    8.68  ------------CU--Ch------------ 000000  1.77  0.06 39
000921               Jovita 10.00 0.15  3.1721  0.1802  0.2927   55.310   0.200  0.080  0.020   15.64  ----------------Ch------------ 000000   nan   nan 39
000930           Westphalia 11.20 0.15  2.4310  0.0228  0.2643   34.920   0.150  0.040  0.010  100.66  ----Ch------------------------ 000000  1.09  0.01 39
000932             Hooveria 10.00 0.15  2.4201  0.0895  0.1367   58.980   0.800  0.050  0.010   78.44  ------------CB--Ch------------ 000000   nan   nan 39
000934            Thuringia 10.10 0.15  2.7482  0.1751  0.2630   53.710   0.360  0.050  0.010    8.17  ----Ch------------------------ 000000  0.09 -0.00 39
000943              Begonia  9.77 0.15  3.1229  0.2303  0.1789   70.570   2.450  0.040  0.010   15.66  ------------ST--Ch--X---C----- 000000  2.55  0.07 39
000997               Priska 12.50 0.15  2.6698  0.1648  0.1982   20.391   0.119  0.057  0.000   16.24  ----Ch------------------------ 000145  0.89  0.02 38
001023              Thomana  9.76 0.15  3.1675  0.0827  0.1764   61.020   1.000  0.060  0.002   17.56  ------------G---Ch------------ 000000   nan   nan 37
001024                 Hale 10.80 0.15  2.8668  0.1885  0.2623   43.270   0.150  0.050  0.010   16.00  ----Ch----------X-------C----- 000000  2.26  0.05 39
001031              Arctica  9.56 0.15  3.0469  0.0934  0.3134   75.400   0.500  0.050  0.010   24.90  ------------CX--Ch------------ 000000   nan   nan 39
001048             Feodosia  9.75 0.15  2.7315  0.2182  0.2477   85.140   1.170  0.031  0.001   10.46  ----Ch------XC---------------- 000000  2.11  0.02 37
001057                Wanda 10.96 0.15  2.8926  0.2062  0.0862   42.809   0.834  0.028  0.004   29.17  ----------------Ch--C---C----- 000000 -0.23  0.02 38
001086                 Nata  9.60 0.15  3.1654  0.0614  0.1620   72.210  11.000  0.060  0.030   18.06  ----Ch----------Ch------------ 000490 -0.98  0.05 39
001115              Sabauda  9.70 0.15  3.1011  0.1813  0.2517   70.760   0.900  0.068  0.002    6.72  ----------------Ch---------Kl- 000137   nan   nan 37
001189             Terentia  9.90 0.15  2.9317  0.0726  0.1931   59.250   0.200  0.050  0.010   19.31  ----Ch------------------------ 001189  2.46  0.00 39
001194               Aletta 10.70 0.15  2.9136  0.1259  0.2103   41.360   0.190  0.090  0.010   20.39  ----------------Ch---------Kl- 000000   nan   nan 39
001243               Pamela  9.70 0.15  3.0986  0.0445  0.2463   69.880   0.420  0.050  0.010   26.02  ----------------Ch--C---C----- 000000  0.49  0.03 39
001300             Marcelle 11.40 0.15  2.7819  0.0376  0.1477   28.190   0.140  0.090  0.010   12.00  Cgh-Cg------------------------ 000000  6.38 -0.00 39
001326               Losaka 10.92 0.15  2.6667  0.1748  0.2673   26.340   0.170  0.240  0.030    6.90  ------------CSU-Ch--C---C----- 000000 -0.23  0.06 39
001360                Tarka 11.50 0.15  2.6338  0.2130  0.4095   33.320   0.120  0.060  0.010    8.87  ----Ch--------------C---C----- 000000  1.23  0.04 39
001369             Ostanina 10.70 0.15  3.1105  0.1940  0.2530   42.400   0.160  0.050  0.010    8.40  ----------------Ch--C---C----- 000137 -1.65  0.04 39
001384             Kniertje 11.70 0.15  2.6771  0.1688  0.2024   26.520   0.090  0.070  0.020    9.81  ----------------Ch------------ 000145   nan   nan 39
001386             Storeria 13.40 0.15  2.3647  0.2356  0.1940   10.614   0.154  0.143  0.027    8.67  ----Ch------------------------ 000313  0.54  0.00 38
001403            Idelsonia 11.60 0.15  2.7186  0.2535  0.1529   26.530   0.170  0.070  0.020    5.46  ----Cgh---------Ch------------ 000410  2.89  0.05 39
001409                 Isko 11.10 0.15  2.6764  0.0242  0.1166   37.230   0.480  0.074  0.002   11.64  ----------------Ch--C---C----- 000000  1.67  0.02 37
001414               Jerome 13.00 0.15  2.7867  0.1953  0.1366   16.890   0.360  0.068  0.003    0.00  ----Ch----------Ch------------ 000668 -3.01 -0.01 37
001467              Mashona  8.57 0.15  3.3820  0.1507  0.3745   89.160   0.730  0.080  0.010    9.76  ------------GC--Ch------------ 000000 -0.06  0.05 39
001534                 Nasi 11.90 0.15  2.7292  0.2594  0.1570   19.510   0.360  0.100  0.004    7.94  ----Cgh-C-----------C---C----- 000410  2.45  0.02 37
001603                 Neva 10.90 0.15  2.7553  0.0566  0.1344   39.560   0.190  0.050  0.010    6.43  ----Ch------------------------ 000000  0.33 -0.00 39
001613               Smiley 11.70 0.15  2.7354  0.2583  0.1542   20.030   0.590  0.127  0.008   80.61  ----Cgh----------------------- 000410  3.93 -0.03 37
001615             Bardwell 11.38 0.15  3.1142  0.1605  0.0237   29.140   0.150  0.060  0.010   18.00  ------------B---Ch------------ 000024 -0.64 -0.02 39
001625              TheNORC 10.34 0.15  3.1787  0.2314  0.3016   53.320   0.180  0.050  0.010   13.96  ------------C---Ch--C---CX-Cgx 000000  1.25  0.03 39
001694               Kaiser 11.46 0.15  2.3955  0.2243  0.1776   15.678   0.175  0.166  0.009   13.02  ------------GC--Ch------------ 000000   nan   nan 38
001734         Zhongolovich 11.70 0.15  2.7777  0.1949  0.1370   26.425   0.122  0.051  0.001    7.17  ----Ch--------------C---C--Kl- 000668  0.46  0.00 38
001771              Makover 10.40 0.15  3.1253  0.1497  0.1726   46.890   0.290  0.070  0.010   11.26  ----------------Ch--X---C----- 000000  2.31  0.07 39
001783            Albitskij 12.00 0.15  2.6616  0.1678  0.2026   24.268   0.093  0.055  0.009   12.00  ----Ch--------------C---C----- 000145 -0.34  0.00 38
001795              Woltjer 12.00 0.15  2.7853  0.1960  0.1386   23.890   0.110  0.050  0.010   12.10  ----Ch------------------------ 000668  0.32 -0.02 39
001836              Komarov 12.10 0.15  2.7834  0.1951  0.1361   22.240   0.304  0.042  0.005    8.80  ----Ch--------------B---C----- 000668 -0.83  0.01 38
001838                 Ursa 10.80 0.15  3.2111  0.0311  0.3641   40.050   0.380  0.070  0.010   16.16  ----------------Cgh-C---C----- 000702  0.36  0.01 39
001930              Lucifer 11.00 0.15  2.8964  0.1358  0.2522   34.440   0.170  0.070  0.010   13.06  ----Cgh----------------------- 000000  4.21  0.01 39
001936               Lugano 11.70 0.15  2.6752  0.1685  0.2014   30.110   0.220  0.070  0.010   19.65  ----Ch----------X------------- 000145  0.74  0.05 39
001970              Sumeria 12.40 0.15  2.7797  0.1957  0.1369   19.350   0.080  0.060  0.010   12.01  ----Ch------------------------ 000668  0.88 -0.01 39
001994                Shane 12.20 0.15  2.6797  0.1643  0.2015   17.910   0.930  0.129  0.014    8.22  ----------------Ch------------ 000145   nan   nan 37
001999             Hirayama 10.90 0.15  3.1160  0.1456  0.1994   35.680   0.550  0.082  0.003   15.63  ----------------Ch--C---C----- 000000 -0.87  0.01 37
002040             Chalonge 11.40 0.15  3.1114  0.1942  0.2556   33.900   0.130  0.050  0.010   10.37  ----Ch------------------------ 000137  2.39  0.01 39
002099                 Opik 15.18 0.15  0.0000  0.0000  0.0000    5.170   1.350  0.050  0.060    6.44  Ch--Ch------S----------------- 000000  1.06  0.01 32
002147             Kharadze 12.00 0.15  3.1710  0.0624  0.1612   23.035   0.125  0.038  0.004   14.11  ----Ch--------------C---C----- 000490  1.00  0.05 38
002152             Hannibal 10.80 0.15  3.1349  0.1911  0.2549   34.584   1.040  0.093  0.011    5.98  ----Ch--------------C---C----- 000137  0.11  0.01 38
002296           Kugultinov 11.80 0.15  3.1964  0.1744  0.0199   21.566   0.067  0.083  0.004    8.43  ----------------Ch------------ 000024   nan   nan 38
002374        Vladvysotskij 11.70 0.15  3.0876  0.1937  0.2549   26.090   0.505  0.065  0.007    5.40  ----------------Ch---------Kl- 000137   nan   nan 38
002378            Pannekoek 11.00 0.15  2.8894  0.1412  0.2510   40.373   0.706  0.057  0.004   11.87  Cgh-Cgh----------------------- 000000  1.76 -0.01 38
002428             Kamenyar 11.50 0.15  3.1700  0.0625  0.1618   23.652   0.331  0.116  0.004    0.00  ----Ch--------------C---C----- 000490  1.59 -0.00 38
002465               Wilson 12.30 0.15  2.7526  0.0675  0.0840   21.685   0.091  0.060  0.016    0.00  ----Ch--------------C---C--Kl- 000000  1.65  0.06 38
002519           Annagerman 11.60 0.15  3.1477  0.1518  0.0226   20.552   0.305  0.115  0.029   12.98  ----------------Ch------------ 000656   nan   nan 38
002598               Merlin 13.20 0.15  2.7818  0.1949  0.1375   15.694   0.047  0.049  0.010   30.84  ----Ch------------------------ 000668 -1.13 -0.04 38
002651                Karen 11.80 0.15  2.9851  0.2707  0.3174   23.545   0.350  0.116  0.024    6.32  ----------------Ch--X---C----- 000000  1.44  0.05 38
002829              Bobhope 10.80 0.15  3.0886  0.1883  0.2516   41.360   0.220  0.080  0.020    6.33  ----------------Ch------------ 000137   nan   nan 39
002852             Declercq 12.70 0.15  2.7853  0.0481  0.0119   12.470   1.420  0.136  0.032    0.00  ----Ch------------------------ 001128  1.23  0.03 37
002864            Soderblom 13.00 0.15  2.7476  0.1809  0.0402   15.570   0.090  0.058  0.002    0.00  ----Ch------------------------ 000000  0.52 -0.01 38
002925               Beatty 13.70 0.15  2.3864  0.2246  0.0530    7.101   0.920  0.127  0.056    3.66  ----Cgh----------------------- 000000  2.67 -0.03 38
002934         Aristophanes 11.70 0.15  3.1666  0.0615  0.1599   21.941   0.390  0.110  0.006   10.37  ----Ch--------------C---C----- 000490  4.68 -0.06 38
002991                Bilbo 13.60 0.15  2.3374  0.1968  0.0704    7.818   0.147  0.115  0.013    4.06  ----------------Ch--X---C----- 000000  1.16  0.03 38
003065             Sarahill 12.30 0.15  2.7184  0.1008  0.0920   19.500   0.090  0.070  0.010    7.45  ----Ch------------------------ 000000  1.09 -0.00 39
003104                Durer 10.70 0.15  2.9636  0.0503  0.4032   16.950   0.280  0.350  0.110    6.33  ----------------Ch------A----- 000000  5.56  0.02 39
003106             Morabito 11.50 0.15  3.1509  0.1983  0.2468   26.209   0.504  0.123  0.013    6.26  ----------------Ch------------ 000137   nan   nan 38
003197             Weissman 11.60 0.15  2.6655  0.1808  0.2650   18.980   0.220  0.220  0.050    6.11  ----Cgh---------Ch------------ 000000 -0.44  0.06 39
003507                Vilas 11.50 0.15  3.1408  0.1596  0.0346   24.920   1.720  0.096  0.019    3.96  ----Ch----------Cgh-C---C----- 000024 -0.10 -0.03 34
003526             Jeffbell 12.30 0.15  2.7912  0.0936  0.1379   25.900   0.590  0.040  0.002    0.00  ----Ch------------------C----- 000000  2.64  0.01 37
003563           Canterbury 12.70 0.15  2.7948  0.1983  0.1365   16.924   0.125  0.050  0.013   15.55  ----Ch--------------C---C----- 000668 -0.46  0.01 38
003611                 Dabu 13.00 0.15  2.7869  0.1956  0.1376   14.044   0.024  0.043  0.026   31.94  ----Ch------------------------ 000668 -0.77 -0.00 38
003630              Lubomir 12.80 0.15  2.7687  0.1934  0.1377   16.700   0.410  0.064  0.003    0.00  ----Ch------------------------ 000668 -0.21  0.05 37
003687                 Dzus 11.50 0.15  2.7284  0.1377  0.2919   30.930   0.250  0.050  0.010   58.12  ----Ch---------------------Bk- 000000  0.67 -0.01 39
003702          Trubetskaya 11.70 0.15  2.6202  0.1839  0.2627   18.160   0.210  0.140  0.020    0.00  ----------------Cgh-----C----- 000000  1.53  0.09 39
003710         Bogoslovskij 12.60 0.15  2.7389  0.1216  0.2463   11.620   0.200  0.131  0.024    8.01  ----Cgh-------------C---C----- 000000 -1.72  0.05 34
003744        Horn-d'Arturo 13.00 0.15  2.6291  0.2471  0.0744   14.758   0.070  0.046  0.008    6.12  ----Ch---------------------Ds- 000000  2.04  0.00 38
003775            Ellenbeth 12.80 0.15  2.7874  0.1945  0.1350   17.091   0.034  0.036  0.003   24.25  ----Ch------------------------ 000668 -0.95 -0.07 38
003829                Gunma 12.10 0.15  2.7882  0.1946  0.1352   19.740   0.430  0.061  0.003    4.73  ----Ch----------Ch------------ 000668 -0.14  0.02 37
003971           Voronikhin 11.40 0.15  2.8504  0.1381  0.2509   32.000   0.150  0.060  0.010    5.55  ----Ch------------------CX---- 000000  1.03 -0.00 39
004082                Swann 13.50 0.15  2.3906  0.2255  0.1917   11.060   0.290  0.101  0.006    4.04  ----Ch---------------------C-- 000000  1.68 -0.01 37
004135            Svetlanov 12.40 0.15  2.7896  0.1958  0.1366   24.207   0.222  0.030  0.003   10.56  ----Ch------------------------ 000668  0.12 -0.01 38
004143               Huziak 12.60 0.15  3.0894  0.1563  0.0146   16.722   0.296  0.069  0.011    0.00  ----------------Ch------------ 000024   nan   nan 38
004156          Okadanoboru 12.50 0.15  2.7001  0.1974  0.2603   15.480   0.070  0.090  0.040   12.02  ----Cgh-C--------------------- 000000  0.95  0.02 39
004157                  Izu 12.40 0.15  2.6738  0.1662  0.2011   20.030   1.290  0.077  0.011   17.87  ----Ch--------------C---C----- 000145 -0.71  0.01 37
004276             Clifford 14.70 0.15  0.0000  0.0000  0.0000    5.390   1.610  0.080  0.070    3.24  ----Cb----------Ch------------ 000000  0.58  0.05 32
004284                 Kaho 13.30 0.15  2.4014  0.2419  0.1811   10.938   0.087  0.128  0.020    4.06  ----Ch--------------C---C----- 000000  1.15 -0.00 38
004343              Tetsuya 12.50 0.15  2.7868  0.1979  0.1390   16.670   0.460  0.111  0.007    7.39  ----Ch------------------------ 000668 -0.64 -0.00 37
004390          Madreteresa 13.30 0.15  2.4006  0.2273  0.2027   11.340   0.037  0.043  0.003    0.00  ----Cgh----------------------- 000000  2.26  0.08 38
004522            Britastra 12.20 0.15  2.6700  0.1669  0.2009   20.840   0.090  0.060  0.010   11.92  ----------------Ch--C---C----- 000145 -0.62  0.03 39
004523                  MIT 12.90 0.15  2.6832  0.1745  0.2014   16.040   0.320  0.085  0.004    0.00  ----Ch---------------------Kl- 000145 -0.43 -0.02 37
004591            Bryantsev 14.10 0.15  2.4553  0.2059  0.0369    6.420   1.280  0.129  0.049    0.00  ----Cgh----------------------- 000000 -0.34 -0.00 34
004621               Tambov 13.60 0.15  2.3867  0.1877  0.0611    5.741   0.248  0.234  0.018    0.00  ----------------Ch---------Kl- 000000   nan   nan 38
004730         Xingmingzhou 11.40 0.15  3.1223  0.0594  0.1879   24.630   0.150  0.100  0.030    3.40  ----------------Ch--C---C----- 000221 -0.35  0.04 39
004889           Praetorius 12.30 0.15  3.0895  0.1878  0.2525   20.220   0.870  0.078  0.007    0.00  ----------------Ch--C---C----- 000137 -0.54  0.05 37
004955                 Gold 11.80 0.15  3.1465  0.1166  0.1101   19.805   0.180  0.136  0.025    3.41  ----------------Cgh----------- 000010   nan   nan 38
005081              Sanguin 12.60 0.15  2.3187  0.1325  0.2144   17.464   0.554  0.034  0.014   10.26  ----Ch------------------------ 000000 -1.42 -0.01 38
005333               Kanaya 13.10 0.15  2.3455  0.2264  0.2022   13.700   0.080  0.060  0.010    3.80  ----Ch------------------C--Kl- 000313 -0.56  0.05 39
005348           Kennoguchi 12.70 0.15  2.7921  0.1955  0.1366   17.440   0.470  0.051  0.003    0.00  ----Ch------------------------ 000668 -0.89 -0.01 37
005553               Chodas 13.40 0.15  2.7363  0.2556  0.1549    9.984   0.180  0.112  0.025    6.96  ----Ch------------------------ 000410  1.87 -0.00 38
005585                Parks 14.00 0.15  0.0000  0.0000  0.0000    7.400   1.100  0.090  0.030   10.34  ----Ch------------------------ 000000 -0.39  0.05 71
005592               Oshima 11.90 0.15  3.1684  0.0583  0.1634   22.657   0.211  0.067  0.004   12.54  ----------------Ch--C---C----- 000490  2.00  0.07 38
006129           Demokritos 12.90 0.15  2.7936  0.1975  0.1374   17.096   0.095  0.071  0.004    0.00  ----Ch--------------C---C--Kl- 000668 -0.22  0.02 38
006233               Kimura 13.90 0.15  2.7931  0.1961  0.1358    9.886   0.136  0.066  0.006    7.10  ----Ch------------------------ 000668  1.03  0.01 38
006283              1980VX1 13.70 0.15  2.7897  0.1963  0.1375   10.995   0.181  0.054  0.014    0.00  ----Ch------------------------ 000668 -2.59  0.01 38
006410             Fujiwara 12.70 0.15  2.7709  0.1933  0.1376   14.820   0.110  0.080  0.020    7.01  ----Ch---------------------Kl- 000668  5.42 -0.06 39
006509      Giovannipratesi 12.70 0.15  2.7928  0.1961  0.1376   15.000   3.300  0.072  0.038   14.11  ----Ch---------------------Kl- 000668  1.75  0.01 34
006582         Flagsymphony 12.90 0.15  2.7780  0.2647  0.1524   19.311   0.178  0.030  0.002  113.30  ----Ch------------------------ 000410  0.64  0.00 38
007052              1988VQ2 13.00 0.15  2.7156  0.2128  0.3020    9.080   0.120  0.190  0.020    0.00  ----------------Cgh----------- 000000   nan   nan 39
007110           Johnpearse 12.80 0.15  2.7969  0.1964  0.1363   14.345   0.181  0.071  0.021    0.00  ----Ch--------------C---C----- 000668 -2.56  0.00 38
007402               1987YH 13.10 0.15  2.7800  0.1959  0.1375   15.990   1.120  0.042  0.006    0.00  ----Ch--------------B---C----- 000668 -0.19 -0.08 37
007405               1988FF 13.00 0.15  2.7676  0.1932  0.1352   14.360   0.285  0.065  0.008    9.07  ----Ch------------------------ 000668 -1.34 -0.02 38
007496        Miroslavholub 12.10 0.15  3.1079  0.3038  0.2534   21.449   0.618  0.056  0.013   17.87  ----------------Ch--C---C----- 000000  0.60 -0.01 38
007512       Monicalazzarin 13.30 0.15  2.7847  0.1952  0.1365   13.734   0.054  0.053  0.005    0.00  ----Ch------------------------ 000668  0.24 -0.00 38